# fig_3e_gene_set <- c(
#     '14380',
#     '14381',
#     '110208',
#     '15926',
#     '18746',
#     '69367',
#     '14873',
#     '211666',
#     '66447',
#     '14782',
#     '22166',
#     '56551')

fig_3e_gene_set <- c(
        '14380',
        '14381',
        '110208',
        '15926',
        '109264',
        '18746',
        '69367',
        '14873',
        '211666',
        '66447',
        '14782',
        '22166',
        '56551')
