# FTL
# FTH1
# HMOX1
# G6PD
# PGD
# ME1
# IDH1
# GPX2
# GSTA1
# GSTA2
# GSTA3
# GSTA5
# GSTM1
# GSTM2
# GSTM3
# GSTP1
# NFE2L2
# TXN
# PRDX1
# TXNRD1
# NQO1
# GCLM
# GCLC
# GSR
# SLC7A11

# 2512
# 2495
# 3162
# 2539
# 5226
# 4199
# 3417
# 2877
# 2938
# 2939
# 2940
# 221357
# 2944
# 2946
# 2947
# 2950
# 4780
# 7295
# 5052
# 7296
# 1728
# 2730
# 2729
# 2936
# 23657

nrf2 <- c('14782','14866','14870','14869','100042625','18104','14629','14630','18024','14776','15926','26570','15368','14859','14381','68312','50493','110208','14319','14858','100042314','14857','100042295','14325','434624','18477','14863','22166','17436')
